.Random.seed <-
c(10403L, 10L, -1760918947L, -873692076L, 1524043386L, -1752650299L, 
-557936865L, -527762778L, -31638480L, -1927340333L, -1508147983L, 
17799200L, 41991870L, -1113449783L, -457707397L, 1526787658L, 
822287020L, 30510511L, -717341339L, 1029614364L, -1332392078L, 
2063983597L, 1943675943L, 2012363854L, -1459191640L, -1182683477L, 
315411401L, -1033476136L, -1319833978L, -2114848927L, -783045901L, 
944141666L, 1969849300L, 2066523863L, -2047226675L, 803015780L, 
1033749066L, -2013870155L, -1528489201L, 1415522326L, -1362545984L, 
544982147L, -2088357727L, 2028942992L, 1403086190L, 724554521L, 
2122831787L, -478677606L, -2135387812L, 117467231L, -1577899979L, 
696986572L, 2145427234L, 900120957L, -256742793L, -566496354L, 
-1792097704L, 1754196923L, -1130390183L, 1184454376L, -352934122L, 
-1617270639L, 1841112387L, -921378734L, -1293466908L, -1809296089L, 
-571626115L, 665101428L, -2092700070L, -33514843L, 1482105023L, 
-1476828346L, 1800122832L, 313824243L, 1975921425L, -1677026496L, 
537666334L, 1385049065L, -740171493L, 400038698L, -122643380L, 
-1007791089L, -1647042747L, 2023127292L, -1891399854L, -1846261555L, 
-1058924409L, -1347482770L, 1582882120L, 1557350731L, -984900439L, 
485211640L, 351986982L, -1991797183L, 1995448275L, -1316833918L, 
954653108L, -950655689L, 331116589L, -219497148L, -1289700758L, 
1060525269L, 1491722863L, -659994762L, 388343968L, -1536196253L, 
1579274753L, -404070032L, 104218894L, -1447021703L, 1253145355L, 
-778689478L, 1270596412L, -375465857L, -967525419L, 623105516L, 
1427871554L, -981084003L, 233234711L, 88307838L, 1775783992L, 
-713210085L, -172866439L, 2137803976L, 1489247478L, -1402249935L, 
-729006749L, 851812146L, -1132144508L, -1501756217L, -1001527395L, 
1448260372L, -851271238L, 2031269893L, 1690488287L, -1053949850L, 
1828335600L, 1534036243L, 221755057L, -1129447072L, 1890170622L, 
-1915219319L, 1585655227L, 1415411594L, -20218260L, -927293457L, 
-1922156507L, 241653980L, -1790476622L, 759427501L, 1886205287L, 
969245326L, 1600998248L, -1062030485L, -595718903L, 300729240L, 
719409862L, -714450911L, -1581388621L, -2018644446L, 1068855316L, 
-1693109097L, 2056281741L, -1075998812L, -693382774L, -19755531L, 
-855580593L, 1287067478L, 1980829184L, 506314563L, 1152472801L, 
-947751856L, 1749286062L, -998930343L, -841242517L, -2121355814L, 
-1492380004L, -1707087713L, -1051467019L, -903929972L, -1607315870L, 
2045637181L, -1649034057L, 2076230494L, 1698358936L, -514324997L, 
894113689L, -942071768L, 390850774L, -300290735L, 1641430019L, 
1975624594L, 1258295588L, 1295648743L, -1498579907L, 102967988L, 
777357594L, -537458075L, -964854017L, -1511947386L, 684524816L, 
-1003889229L, -1111015855L, 45497856L, 1717770974L, 1468840233L, 
1388283099L, 1564050410L, 1227764620L, -890915633L, -273343355L, 
-473196740L, -609876462L, -195427059L, 1560440391L, 2122282030L, 
1466923400L, 663863435L, -1236788631L, -1261918664L, -1566597402L, 
1709947521L, 964961811L, 1161720258L, -1389544844L, 1037884535L, 
89564525L, -1653491196L, -1659152086L, -1487826534L, 1045611984L, 
1355507132L, 947996308L, -1292533118L, 753243584L, -195481796L, 
1418818192L, -2016123102L, -1424828920L, 117932812L, 764074908L, 
-1023507438L, -1708338304L, 210209556L, -2002897624L, -107442118L, 
-2114735152L, -942581140L, -1447543756L, 1982437522L, -813514400L, 
-566514356L, 1707036128L, 1352610722L, 1109953448L, -1645720436L, 
296420284L, -117130126L, -248752144L, 1203967044L, -235292584L, 
-581509062L, -1605160848L, 1445811772L, 379098900L, -1331451198L, 
-2010688800L, -243905412L, -1644725040L, -1188017246L, -1568330200L, 
1934948620L, -937011268L, 1234987314L, 1912676544L, -581172684L, 
-1058633016L, -792905030L, -175733616L, 416806636L, -1927061932L, 
-909703534L, 1632081696L, -610908212L, -1617354528L, -123748670L, 
-2045279192L, -817820756L, 839260860L, 1178978802L, 387438128L, 
-1305000028L, 1899532728L, -1940819110L, -1761545072L, -2075264132L, 
1433925396L, 340151618L, 74858240L, 423523260L, -299626672L, 
878467362L, 1471095368L, 1743024140L, -2952100L, -1286487598L, 
-240263680L, -1797590700L, 1060991208L, -1774120710L, -965245232L, 
-762736340L, 2089455860L, -1343345262L, 908732768L, 1794926604L, 
-7970080L, -603620766L, -1454304600L, 557312588L, 1579720572L, 
831702322L, 1655551600L, 569873220L, 550086616L, 1835816826L, 
1843914288L, -1203742788L, -1867073964L, 828284994L, 2045292704L, 
1165457084L, 1121483216L, 359060322L, 448000744L, 1362960588L, 
421437948L, 136569330L, 346237568L, 892984820L, 2015143560L, 
-1215094982L, -653962416L, 3378284L, 1226862996L, 841151570L, 
-2045427232L, 1513483468L, 681133216L, -4323966L, -1958647576L, 
2087507692L, 48547132L, -374547342L, -736216976L, -1755402204L, 
1654676536L, -1384583398L, -1237865264L, -1332232388L, -1801046124L, 
1837556610L, 1215719872L, 1773731388L, -292395632L, 1606393378L, 
202130696L, 832798348L, 2123558684L, 483131538L, -2037450368L, 
-1587751404L, 2043293480L, -1923093958L, -1765786160L, -2009462420L, 
-2144992332L, 985937938L, -1941010976L, 1376966604L, 2138226912L, 
-1736820702L, -338120408L, 1696042508L, 583919420L, -201124878L, 
42789616L, 539110980L, 1481445976L, 2057822010L, 1494554096L, 
-281184580L, 210606356L, -1044065598L, -1216019360L, 1897960316L, 
-1575786544L, 1016639778L, 1553775272L, 1725004684L, 1042925756L, 
-2035646670L, 1375201856L, -1239737164L, 1713926728L, -129206854L, 
593330704L, -1127980308L, -48783020L, -378363630L, -1622053472L, 
1568453324L, 1321041504L, 1850333122L, 1535260456L, 1009299372L, 
1737110332L, 2115963250L, -846292176L, 464796964L, -424572104L, 
-1081151782L, -571291760L, 1099173628L, 812202900L, -633458622L, 
1733006592L, 583418940L, 1130299728L, -12648286L, -1588514488L, 
2016249612L, -296877348L, 490282322L, -1708338048L, 1128427604L, 
1209094120L, -345380614L, 1796873040L, -736608468L, 1345014132L, 
875047826L, -984778656L, 910335372L, -187778208L, -1097074206L, 
436622248L, -1576692532L, -454340612L, 1448060338L, -1015130640L, 
-1129190460L, -969034408L, 705927546L, 518800304L, -1163224644L, 
787347291L, 463423293L, -1310247510L, 1295710792L, 1731484273L, 
861584355L, 583214820L, 1887075858L, 310462951L, -1391745615L, 
-17554442L, 1418300948L, 863850789L, -342279633L, -1598668824L, 
-1063278394L, 1018080627L, -651348523L, 1675458994L, -2103806080L, 
-81532055L, -490643493L, 197363500L, 1257793850L, -735701009L, 
1652122233L, 1890067726L, 991317212L, 101475149L, -1832637769L, 
-771471296L, -811931362L, 1437660139L, -46268563L, -1904691750L, 
2125957016L, 1270367745L, -378673229L, 19240660L, -253448222L, 
1307791991L, -1909240895L, -579258042L, -2006030204L, -1260605899L, 
32986655L, 319893880L, -1391800234L, 684268771L, -1888920923L, 
-11671742L, -500378320L, 337970521L, 794453707L, 128999228L, 
-1299204246L, 2042910111L, -671093719L, 439217854L, 1753726892L, 
-351304451L, 1766752327L, 1717223216L, 1445636174L, 623256699L, 
-365705251L, 1403172362L, 1613155112L, -2095663727L, 68217731L, 
-544010108L, -112132430L, -2021342713L, 1363563089L, -313144874L, 
-2039089996L, 1291251909L, -1807269361L, 789117576L, 1083645862L, 
1564063571L, -1977759563L, 771868178L, 124466144L, 988612169L, 
553972859L, -1121405620L, -97386278L, 1503940815L, -2108953447L, 
-1719119698L, 192761276L, -1397230035L, 156135895L, -959547360L, 
170122622L, -188726453L, 683755853L, 1730676602L, -1212642888L, 
-675136671L, 574044947L, -1414384844L, 409080130L, -884390569L, 
76374177L, -1075558042L, 764754788L, -1810378091L, 1400730559L, 
-1662662824L, 695958902L, 2093924227L, -1990425147L, -414164254L, 
1604641616L, -45400455L, -1672011349L, -2056734948L, 844480586L, 
1002890303L, -1825258359L, -650604386L, 121707852L, 2056809757L, 
-1412568921L, 1631987664L, 196628334L, 1088980507L, -849154179L, 
1929180522L, -369873912L, -716352335L, 821474083L, -710967260L, 
-318614830L, -499402969L, 1313704305L, -635424842L, 1223746388L, 
-693121563L, -963422225L, 1885026088L, 1956286342L, 909171635L, 
